0.105 0.271
0.105 0.29
0.106 0.17
0.106 0.271
0.106 0.29
0.106 0.619
0.107 0.271
0.107 0.29
0.109 0.136
0.109 0.17
0.109 0.187
0.109 0.271
0.109 0.29
0.109 0.417
0.109 0.619
0.109 0.685
0.138 0.619
0.138 0.685
0.138 0.725
0.138 0.737
0.138 0.741
0.154 0.417
0.154 0.426
0.154 0.535
0.154 0.605
0.154 0.619
0.154 0.685
0.154 0.725
0.154 0.737
0.154 0.741
0.169 0.535
0.169 0.605
0.169 0.619
0.169 0.685
0.169 0.725
0.169 0.737
0.169 0.741
0.169 0.826
0.169 0.865
0.17 0.535
0.17 0.605
0.17 0.619
0.17 0.685
0.182 0.865
0.182 0.87
0.216 0.86
0.216 0.865
0.216 0.87
0.217 0.721
0.217 0.725
0.217 0.737
0.217 0.741
0.241 0.123
0.241 0.136
0.241 0.17
0.241 0.187
0.241 0.605
0.241 0.619
0.241 0.685
0.241 0.692
0.241 0.697
0.241 0.7
0.241 0.721
0.241 0.725
0.241 0.737
0.241 0.741
0.259 0.813
0.259 0.826
0.259 0.833
0.259 0.86
0.27 0.417
0.27 0.426
0.27 0.476
0.27 0.483
0.27 0.535
0.27 0.537
0.27 0.541
0.27 0.572
0.27 0.605
0.27 0.619
0.27 0.685
0.27 0.692
0.27 0.697
0.27 0.7
0.27 0.721
0.27 0.725
0.27 0.737
0.27 0.741
0.27 0.754
0.27 0.789
0.27 0.813
0.27 0.826
0.278 0.483
0.278 0.535
0.278 0.537
0.278 0.541
0.278 0.572
0.278 0.605
0.278 0.619
0.278 0.685
0.278 0.692
0.278 0.697
0.278 0.7
0.278 0.721
0.278 0.725
0.278 0.737
0.278 0.741
0.278 0.754
0.281 0.685
0.281 0.692
0.281 0.697
0.281 0.7
0.281 0.721
0.281 0.725
0.281 0.737
0.281 0.741
0.283 0.104
0.283 0.123
0.283 0.136
0.283 0.17
0.283 0.187
0.283 0.2
0.283 0.271
0.283 0.29
0.283 0.355
0.283 0.408
0.283 0.417
0.283 0.426
0.283 0.476
0.283 0.477
0.283 0.483
0.283 0.535
0.283 0.537
0.283 0.541
0.283 0.572
0.283 0.605
0.283 0.619
0.283 0.672
0.283 0.685
0.283 0.692
0.283 0.697
0.283 0.7
0.283 0.721
0.283 0.725
0.283 0.737
0.283 0.741
0.283 0.742
0.283 0.754
0.283 0.783
0.283 0.789
0.283 0.813
0.283 0.826
0.283 0.833
0.284 0.271
0.284 0.29
0.284 0.355
0.284 0.408
0.284 0.417
0.284 0.426
0.284 0.476
0.284 0.477
0.284 0.483
0.284 0.535
0.284 0.537
0.284 0.541
0.284 0.572
0.284 0.605
0.284 0.619
0.284 0.672
0.284 0.685
0.284 0.692
0.284 0.697
0.286 0.17
0.286 0.187
0.286 0.2
0.286 0.221
0.286 0.271
0.286 0.29
0.286 0.355
0.286 0.408
0.286 0.417
0.286 0.426
0.286 0.476
0.286 0.477
0.286 0.483
0.286 0.535
0.286 0.537
0.286 0.541
0.286 0.572
0.286 0.605
0.286 0.619
0.286 0.672
0.286 0.685
0.286 0.692
0.286 0.697
0.286 0.699
0.286 0.7
0.286 0.721
0.286 0.725
0.286 0.737
0.286 0.741
0.286 0.742
0.286 0.754
0.286 0.783
0.286 0.789
0.292 0.141
0.292 0.17
0.292 0.187
0.292 0.2
0.292 0.221
0.292 0.271
0.292 0.29
0.292 0.355
0.292 0.408
0.292 0.417
0.292 0.426
0.292 0.476
0.292 0.477
0.292 0.483
0.292 0.535
0.292 0.537
0.292 0.541
0.292 0.572
0.292 0.605
0.292 0.619
0.292 0.672
0.292 0.685
0.292 0.692
0.292 0.697
0.292 0.699
0.292 0.7
0.292 0.721
0.292 0.725
0.292 0.737
0.292 0.741
0.292 0.742
0.292 0.754
0.292 0.783
0.292 0.789
0.292 0.801
0.292 0.813
0.292 0.826
0.292 0.833
0.292 0.835
0.293 0.2
0.293 0.221
0.293 0.271
0.293 0.29
0.293 0.355
0.293 0.408
0.299 0.725
0.299 0.737
0.299 0.741
0.299 0.742
0.299 0.754
0.299 0.783
0.299 0.789
0.299 0.801
0.299 0.813
0.299 0.826
0.299 0.833
0.299 0.835
0.299 0.858
0.299 0.86
0.299 0.861
0.299 0.865
0.299 0.87
0.303 0.408
0.303 0.426
0.303 0.476
0.303 0.477
0.303 0.483
0.303 0.535
0.303 0.537
0.303 0.541
0.303 0.543
0.303 0.571
0.303 0.572
0.303 0.605
0.303 0.619
0.313 0.136
0.313 0.138
0.313 0.141
0.313 0.17
0.313 0.2
0.318 0.408
0.318 0.426
0.318 0.476
0.318 0.477
0.318 0.483
0.318 0.535
0.318 0.537
0.318 0.541
0.318 0.543
0.318 0.571
0.318 0.572
0.318 0.605
0.318 0.619
0.318 0.625
0.319 0.398
0.319 0.408
0.319 0.426
0.319 0.476
0.319 0.477
0.319 0.483
0.319 0.535
0.319 0.537
0.319 0.541
0.319 0.543
0.319 0.571
0.319 0.572
0.319 0.605
0.319 0.619
0.319 0.625
0.319 0.656
0.319 0.672
0.319 0.685
0.319 0.692
0.319 0.697
0.319 0.699
0.319 0.7
0.319 0.721
0.319 0.724
0.319 0.725
0.319 0.737
0.319 0.741
0.319 0.742
0.319 0.754
0.319 0.783
0.319 0.789
0.319 0.801
0.319 0.813
0.319 0.826
0.319 0.833
0.319 0.835
0.319 0.858
0.319 0.86
0.319 0.861
0.319 0.865
0.319 0.87
0.319 0.886
0.319 0.896
0.319 0.897
0.323 0.672
0.323 0.685
0.323 0.692
0.323 0.697
0.323 0.699
0.323 0.7
0.323 0.721
0.323 0.724
0.323 0.725
0.323 0.737
0.323 0.741
0.323 0.742
0.328 0.271
0.328 0.29
0.328 0.355
0.328 0.37
0.328 0.387
0.328 0.398
0.328 0.408
0.328 0.426
0.328 0.476
0.328 0.477
0.328 0.483
0.331 0.87
0.344 0.656
0.344 0.67
0.344 0.672
0.344 0.685
0.344 0.692
0.344 0.697
0.344 0.699
0.344 0.7
0.344 0.721
0.344 0.724
0.344 0.725
0.344 0.737
0.347 0.685
0.347 0.692
0.347 0.697
0.347 0.699
0.347 0.7
0.347 0.721
0.347 0.724
0.347 0.725
0.347 0.737
0.347 0.739
0.347 0.741
0.347 0.742
0.347 0.751
0.347 0.754
0.347 0.783
0.347 0.789
0.347 0.801
0.347 0.813
0.353 0.886
0.356 0.2
0.356 0.211
0.356 0.221
0.356 0.271
0.356 0.29
0.356 0.355
0.356 0.37
0.356 0.387
0.356 0.398
0.356 0.408
0.356 0.426
0.356 0.476
0.356 0.477
0.356 0.483
0.356 0.501
0.356 0.535
0.356 0.537
0.356 0.541
0.356 0.543
0.356 0.571
0.356 0.572
0.367 0.138
0.367 0.141
0.367 0.17
0.367 0.192
0.367 0.2
0.367 0.211
0.367 0.221
0.367 0.271
0.367 0.29
0.367 0.355
0.367 0.37
0.367 0.387
0.367 0.398
0.367 0.408
0.367 0.417
0.367 0.426
0.367 0.476
0.367 0.477
0.367 0.483
0.367 0.501
0.367 0.535
0.367 0.537
0.367 0.541
0.367 0.543
0.367 0.571
0.367 0.572
0.367 0.605
0.367 0.619
0.367 0.625
0.367 0.642
0.367 0.656
0.367 0.67
0.367 0.672
0.367 0.679
0.37 0.826
0.37 0.833
0.37 0.835
0.37 0.858
0.37 0.86
0.37 0.861
0.37 0.865
0.375 0.141
0.375 0.17
0.375 0.192
0.375 0.2
0.375 0.211
0.375 0.221
0.375 0.271
0.375 0.29
0.379 0.128
0.379 0.138
0.379 0.139
0.379 0.141
0.379 0.17
0.379 0.192
0.379 0.2
0.379 0.211
0.379 0.221
0.379 0.271
0.379 0.29
0.379 0.338
0.379 0.355
0.379 0.37
0.379 0.387
0.379 0.398
0.379 0.408
0.379 0.417
0.379 0.426
0.379 0.476
0.379 0.477
0.379 0.483
0.379 0.501
0.379 0.535
0.379 0.537
0.379 0.541
0.379 0.543
0.379 0.571
0.379 0.572
0.379 0.605
0.379 0.619
0.379 0.625
0.379 0.642
0.379 0.656
0.379 0.67
0.379 0.672
0.379 0.679
0.379 0.692
0.379 0.697
0.379 0.699
0.379 0.7
0.379 0.721
0.379 0.724
0.381 0.426
0.383 0.656
0.383 0.67
0.383 0.672
0.383 0.679
0.383 0.692
0.383 0.697
0.383 0.699
0.383 0.7
0.383 0.721
0.383 0.724
0.383 0.737
0.385 0.572
0.385 0.605
0.385 0.619
0.385 0.625
0.385 0.656
0.385 0.67
0.385 0.672
0.39 0.17
0.39 0.192
0.39 0.886
0.405 0.571
0.405 0.572
0.405 0.605
0.405 0.619
0.405 0.625
0.405 0.656
0.405 0.67
0.405 0.672
0.405 0.678
0.405 0.679
0.405 0.692
0.405 0.697
0.405 0.699
0.405 0.7
0.405 0.721
0.405 0.724
0.405 0.737
0.405 0.741
0.405 0.742
0.405 0.751
0.405 0.754
0.417 0.138
0.417 0.139
0.417 0.141
0.417 0.15
0.417 0.17
0.417 0.192
0.417 0.199
0.417 0.2
0.417 0.861
0.417 0.865
0.417 0.867
0.417 0.87
0.417 0.883
0.417 0.886
0.417 0.896
0.425 0.271
0.425 0.29
0.425 0.338
0.425 0.355
0.425 0.37
0.425 0.387
0.425 0.398
0.425 0.408
0.425 0.426
0.425 0.476
0.425 0.477
0.425 0.483
0.425 0.501
0.425 0.535
0.425 0.537
0.425 0.541
0.425 0.543
0.425 0.563
0.425 0.571
0.425 0.572
0.425 0.605
0.425 0.619
0.425 0.625
0.425 0.656
0.425 0.67
0.425 0.672
0.425 0.678
0.425 0.679
0.425 0.692
0.425 0.697
0.429 0.387
0.429 0.398
0.429 0.408
0.429 0.426
0.429 0.476
0.429 0.477
0.429 0.483
0.429 0.501
0.429 0.535
0.429 0.537
0.429 0.541
0.429 0.543
0.429 0.563
0.429 0.571
0.429 0.572
0.429 0.605
0.429 0.619
0.436 0.476
0.436 0.477
0.436 0.483
0.436 0.501
0.436 0.535
0.436 0.537
0.436 0.541
0.436 0.543
0.436 0.563
0.436 0.571
0.436 0.572
0.436 0.605
0.44 0.67
0.44 0.672
0.44 0.678
0.44 0.679
0.44 0.692
0.44 0.697
0.44 0.7
0.44 0.721
0.44 0.724
0.44 0.737
0.44 0.741
0.44 0.742
0.44 0.751
0.44 0.754
0.44 0.781
0.44 0.783
0.44 0.789
0.44 0.801
0.44 0.813
0.44 0.816
0.44 0.821
0.44 0.826
0.44 0.833
0.44 0.835
0.44 0.858
0.44 0.861
0.44 0.865
0.44 0.867
0.44 0.87
0.443 0.29
0.443 0.338
0.443 0.355
0.443 0.387
0.443 0.398
0.443 0.408
0.443 0.426
0.443 0.438
0.443 0.476
0.443 0.477
0.443 0.483
0.443 0.501
0.443 0.535
0.443 0.537
0.443 0.541
0.443 0.543
0.443 0.563
0.443 0.571
0.443 0.572
0.465 0.692
0.465 0.697
0.465 0.7
0.465 0.721
0.465 0.724
0.465 0.737
0.465 0.741
0.465 0.742
0.465 0.751
0.465 0.754
0.465 0.781
0.465 0.783
0.465 0.789
0.465 0.801
0.465 0.813
0.469 0.139
0.469 0.141
0.469 0.15
0.469 0.17
0.469 0.192
0.469 0.199
0.469 0.2
0.469 0.271
0.469 0.285
0.469 0.29
0.469 0.338
0.469 0.355
0.469 0.387
0.469 0.398
0.469 0.408
0.469 0.426
0.469 0.438
0.469 0.476
0.469 0.477
0.469 0.483
0.469 0.501
0.469 0.535
0.469 0.537
0.469 0.541
0.469 0.543
0.469 0.563
0.469 0.571
0.469 0.572
0.469 0.597
0.469 0.605
0.469 0.606
0.469 0.619
0.469 0.656
0.469 0.659
0.469 0.67
0.469 0.672
0.469 0.678
0.469 0.692
0.469 0.697
0.469 0.7
0.469 0.721
0.469 0.724
0.469 0.737
0.469 0.741
0.469 0.742
0.469 0.751
0.469 0.754
0.469 0.781
0.469 0.783
0.469 0.789
0.469 0.801
0.469 0.813
0.469 0.821
0.469 0.826
0.469 0.833
0.469 0.835
0.47 0.338
0.47 0.355
0.47 0.387
0.47 0.398
0.47 0.408
0.47 0.426
0.47 0.438
0.47 0.476
0.47 0.477
0.47 0.483
0.47 0.501
0.47 0.535
0.47 0.537
0.47 0.541
0.47 0.543
0.47 0.563
0.47 0.571
0.47 0.572
0.47 0.597
0.47 0.605
0.47 0.606
0.47 0.619
0.47 0.656
0.47 0.659
0.47 0.67
0.47 0.672
0.47 0.678
0.47 0.692
0.47 0.697
0.47 0.7
0.47 0.721
0.47 0.724
0.47 0.813
0.47 0.821
0.47 0.826
0.47 0.833
0.47 0.835
0.471 0.271
0.471 0.285
0.471 0.29
0.471 0.323
0.471 0.338
0.471 0.355
0.471 0.387
0.471 0.398
0.471 0.408
0.471 0.426
0.471 0.438
0.471 0.476
0.471 0.477
0.472 0.537
0.472 0.541
0.472 0.543
0.472 0.563
0.472 0.571
0.472 0.572
0.472 0.597
0.478 0.323
0.478 0.338
0.478 0.355
0.478 0.387
0.478 0.398
0.478 0.408
0.478 0.426
0.478 0.438
0.478 0.476
0.478 0.477
0.478 0.478
0.478 0.483
0.478 0.501
0.478 0.537
0.478 0.541
0.478 0.543
0.478 0.563
0.478 0.571
0.478 0.572
0.478 0.597
0.478 0.606
0.478 0.619
0.478 0.656
0.478 0.659
0.478 0.67
0.478 0.672
0.478 0.678
0.478 0.692
0.478 0.697
0.478 0.7
0.478 0.721
0.478 0.724
0.478 0.735
0.478 0.737
0.478 0.741
0.478 0.742
0.478 0.751
0.478 0.754
0.495 0.865
0.495 0.867
0.495 0.87
0.498 0.67
0.498 0.672
0.498 0.678
0.498 0.692
0.498 0.697
0.498 0.7
0.498 0.721
0.498 0.724
0.498 0.735
0.498 0.737
0.498 0.741
0.498 0.742
0.498 0.751
0.498 0.754
0.498 0.78
0.498 0.781
0.498 0.783
0.498 0.789
0.498 0.801
0.498 0.81
0.498 0.813
0.498 0.821
0.498 0.826
0.498 0.833
0.498 0.835
0.498 0.86
0.498 0.861
0.498 0.864
0.498 0.865
0.498 0.867
0.498 0.87
0.499 0.238
0.499 0.271
0.499 0.285
0.499 0.29
0.499 0.293
0.499 0.323
0.499 0.338
0.499 0.355
0.499 0.387
0.499 0.398
0.499 0.408
0.499 0.426
0.499 0.438
0.499 0.476
0.499 0.477
0.499 0.478
0.499 0.483
0.499 0.501
0.499 0.537
0.499 0.541
0.499 0.543
0.499 0.563
0.499 0.571
0.499 0.572
0.499 0.597
0.499 0.606
0.499 0.619
0.502 0.387
0.502 0.398
0.502 0.408
0.502 0.426
0.502 0.438
0.502 0.476
0.502 0.477
0.502 0.478
0.502 0.483
0.502 0.501
0.502 0.537
0.502 0.541
0.502 0.543
0.502 0.563
0.502 0.571
0.502 0.572
0.502 0.597
0.502 0.606
0.502 0.619
0.502 0.642
0.502 0.656
0.502 0.67
0.502 0.672
0.502 0.678
0.502 0.692
0.502 0.697
0.502 0.7
0.505 0.271
0.505 0.285
0.507 0.408
0.507 0.426
0.507 0.438
0.507 0.476
0.507 0.477
0.507 0.478
0.507 0.483
0.507 0.501
0.507 0.537
0.507 0.541
0.507 0.543
0.507 0.563
0.507 0.571
0.507 0.572
0.507 0.597
0.507 0.606
0.507 0.619
0.507 0.642
0.509 0.215
0.509 0.238
0.509 0.271
0.509 0.285
0.509 0.293
0.509 0.323
0.509 0.338
0.509 0.355
0.509 0.366
0.509 0.387
0.509 0.408
0.509 0.426
0.509 0.438
0.509 0.476
0.509 0.477
0.509 0.478
0.509 0.483
0.509 0.501
0.509 0.537
0.509 0.541
0.509 0.543
0.509 0.563
0.509 0.571
0.509 0.572
0.509 0.597
0.509 0.606
0.509 0.619
0.51 0.476
0.51 0.477
0.51 0.478
0.51 0.483
0.51 0.501
0.51 0.537
0.51 0.541
0.51 0.543
0.51 0.563
0.51 0.571
0.51 0.572
0.511 0.87
0.511 0.873
0.513 0.438
0.513 0.466
0.513 0.476
0.513 0.477
0.513 0.478
0.513 0.483
0.52 0.238
0.52 0.271
0.52 0.285
0.52 0.293
0.52 0.323
0.52 0.338
0.52 0.355
0.52 0.366
0.52 0.387
0.52 0.408
0.52 0.426
0.52 0.427
0.52 0.438
0.52 0.466
0.52 0.476
0.52 0.477
0.52 0.478
0.52 0.483
0.52 0.5
0.52 0.501
0.52 0.537
0.52 0.541
0.52 0.543
0.52 0.563
0.52 0.571
0.52 0.572
0.52 0.587
0.52 0.597
0.52 0.606
0.52 0.619
0.52 0.629
0.521 0.67
0.521 0.672
0.521 0.678
0.521 0.692
0.521 0.697
0.521 0.7
0.524 0.408
0.524 0.426
0.524 0.427
0.524 0.438
0.524 0.466
0.524 0.476
0.524 0.477
0.524 0.478
0.524 0.483
0.524 0.5
0.524 0.501
0.524 0.537
0.524 0.541
0.524 0.543
0.524 0.563
0.524 0.571
0.524 0.572
0.524 0.587
0.524 0.597
0.524 0.606
0.524 0.619
0.524 0.629
0.524 0.653
0.524 0.67
0.524 0.672
0.524 0.678
0.524 0.692
0.524 0.697
0.524 0.7
0.524 0.705
0.524 0.715
0.524 0.721
0.524 0.724
0.524 0.735
0.524 0.737
0.524 0.741
0.524 0.742
0.524 0.751
0.524 0.754
0.524 0.78
0.524 0.781
0.524 0.783
0.524 0.789
0.524 0.801
0.524 0.81
0.524 0.813
0.524 0.821
0.524 0.826
0.524 0.833
0.524 0.835
0.524 0.86
0.524 0.861
0.524 0.864
0.524 0.865
0.524 0.867
0.524 0.87
0.524 0.873
0.524 0.886
0.532 0.67
0.532 0.672
0.532 0.678
0.532 0.692
0.532 0.697
0.532 0.7
0.535 0.139
0.535 0.141
0.535 0.15
0.535 0.17
0.535 0.192
0.535 0.199
0.535 0.293
0.535 0.323
0.535 0.338
0.535 0.355
0.535 0.366
0.535 0.387
0.535 0.394
0.535 0.408
0.535 0.426
0.535 0.427
0.535 0.438
0.535 0.466
0.535 0.476
0.535 0.477
0.535 0.478
0.535 0.483
0.535 0.5
0.535 0.501
0.535 0.537
0.535 0.541
0.535 0.543
0.535 0.563
0.535 0.571
0.535 0.572
0.535 0.587
0.539 0.5
0.539 0.501
0.539 0.537
0.539 0.541
0.539 0.543
0.539 0.563
0.539 0.571
0.539 0.572
0.539 0.587
0.539 0.606
0.539 0.619
0.539 0.629
0.539 0.67
0.539 0.672
0.539 0.678
0.539 0.692
0.539 0.697
0.539 0.7
0.539 0.715
0.545 0.338
0.545 0.355
0.545 0.366
0.545 0.387
0.545 0.394
0.545 0.408
0.545 0.426
0.545 0.427
0.545 0.438
0.545 0.466
0.545 0.476
0.545 0.477
0.545 0.478
0.545 0.5
0.545 0.501
0.545 0.537
0.545 0.541
0.545 0.543
0.545 0.563
0.545 0.571
0.545 0.572
0.545 0.587
0.545 0.606
0.545 0.619
0.545 0.629
0.545 0.67
0.545 0.672
0.545 0.678
0.545 0.692
0.545 0.697
0.545 0.7
0.545 0.715
0.545 0.724
0.546 0.801
0.546 0.81
0.546 0.813
0.546 0.821
0.546 0.826
0.546 0.833
0.546 0.835
0.546 0.86
0.547 0.408
0.547 0.426
0.547 0.427
0.547 0.438
0.547 0.466
0.547 0.476
0.547 0.477
0.547 0.478
0.547 0.5
0.547 0.501
0.557 0.238
0.557 0.271
0.557 0.293
0.557 0.338
0.56 0.67
0.56 0.672
0.56 0.678
0.56 0.692
0.56 0.697
0.56 0.7
0.56 0.715
0.56 0.724
0.56 0.737
0.56 0.741
0.56 0.742
0.56 0.751
0.564 0.223
0.564 0.238
0.564 0.271
0.564 0.293
0.564 0.338
0.564 0.34
0.564 0.355
0.564 0.366
0.564 0.387
0.564 0.394
0.564 0.407
0.564 0.408
0.564 0.426
0.564 0.427
0.564 0.438
0.564 0.466
0.564 0.476
0.564 0.477
0.564 0.478
0.564 0.5
0.564 0.501
0.564 0.524
0.564 0.543
0.564 0.563
0.564 0.571
0.564 0.572
0.564 0.587
0.564 0.606
0.564 0.619
0.564 0.629
0.564 0.651
0.564 0.67
0.564 0.672
0.564 0.678
0.564 0.692
0.564 0.697
0.564 0.7
0.564 0.715
0.564 0.724
0.564 0.737
0.564 0.741
0.564 0.742
0.564 0.751
0.564 0.754
0.564 0.78
0.564 0.781
0.564 0.783
0.564 0.801
0.564 0.81
0.564 0.813
0.564 0.821
0.564 0.826
0.564 0.833
0.564 0.835
0.564 0.86
0.564 0.864
0.564 0.865
0.564 0.867
0.564 0.87
0.564 0.873
0.564 0.886
0.57 0.865
0.57 0.867
0.57 0.87
0.571 0.192
0.571 0.199
0.571 0.206
0.571 0.222
0.571 0.223
0.571 0.238
0.571 0.271
0.571 0.293
0.571 0.338
0.571 0.34
0.571 0.355
0.571 0.366
0.571 0.387
0.571 0.394
0.571 0.407
0.571 0.408
0.571 0.426
0.571 0.427
0.571 0.438
0.571 0.466
0.571 0.476
0.571 0.477
0.571 0.478
0.571 0.5
0.571 0.501
0.571 0.524
0.571 0.543
0.571 0.563
0.571 0.571
0.571 0.572
0.571 0.587
0.571 0.606
0.579 0.355
0.579 0.366
0.579 0.387
0.579 0.394
0.579 0.407
0.579 0.408
0.579 0.426
0.579 0.427
0.579 0.438
0.579 0.715
0.579 0.724
0.579 0.737
0.579 0.741
0.579 0.742
0.579 0.751
0.579 0.754
0.579 0.78
0.579 0.781
0.579 0.783
0.579 0.801
0.579 0.81
0.58 0.563
0.584 0.476
0.584 0.477
0.584 0.478
0.584 0.5
0.584 0.501
0.584 0.524
0.584 0.563
0.584 0.572
0.584 0.587
0.584 0.606
0.584 0.629
0.584 0.651
0.584 0.67
0.584 0.672
0.584 0.678
0.584 0.692
0.584 0.697
0.584 0.715
0.584 0.724
0.584 0.737
0.584 0.741
0.584 0.742
0.584 0.751
0.584 0.754
0.584 0.78
0.584 0.781
0.584 0.783
0.584 0.801
0.584 0.81
0.584 0.821
0.584 0.826
0.584 0.833
0.584 0.835
0.598 0.865
0.598 0.867
0.598 0.87
0.599 0.139
0.599 0.141
0.599 0.15
0.599 0.192
0.599 0.199
0.599 0.206
0.599 0.222
0.599 0.223
0.599 0.238
0.6 0.427
0.6 0.438
0.6 0.447
0.6 0.466
0.6 0.472
0.6 0.476
0.6 0.477
0.6 0.478
0.6 0.5
0.6 0.501
0.6 0.524
0.6 0.563
0.6 0.572
0.6 0.587
0.6 0.606
0.6 0.629
0.6 0.651
0.6 0.67
0.6 0.672
0.6 0.678
0.6 0.692
0.6 0.697
0.6 0.715
0.6 0.724
0.6 0.73
0.6 0.737
0.6 0.741
0.6 0.742
0.6 0.751
0.6 0.754
0.6 0.78
0.6 0.781
0.6 0.783
0.6 0.801
0.6 0.81
0.6 0.812
0.6 0.821
0.6 0.826
0.6 0.833
0.6 0.835
0.6 0.86
0.6 0.864
0.601 0.715
0.601 0.724
0.601 0.73
0.606 0.355
0.606 0.366
0.606 0.387
0.606 0.394
0.606 0.407
0.606 0.408
0.606 0.427
0.606 0.438
0.606 0.472
0.606 0.476
0.606 0.477
0.606 0.478
0.606 0.5
0.606 0.501
0.606 0.524
0.606 0.563
0.606 0.572
0.606 0.587
0.606 0.606
0.606 0.629
0.606 0.651
0.606 0.67
0.606 0.672
0.606 0.678
0.606 0.692
0.606 0.697
0.606 0.712
0.606 0.715
0.606 0.724
0.606 0.73
0.606 0.734
0.606 0.737
0.606 0.741
0.606 0.742
0.606 0.751
0.606 0.885
0.606 0.886
0.608 0.86
0.608 0.864
0.608 0.867
0.608 0.87
0.608 0.882
0.608 0.885
0.608 0.886
0.608 0.887
0.608 0.892
0.608 0.895
0.608 0.896
0.608 0.898
0.619 0.715
0.619 0.724
0.619 0.73
0.623 0.199
0.623 0.202
0.623 0.206
0.623 0.222
0.623 0.223
0.623 0.238
0.623 0.253
0.623 0.271
0.623 0.293
0.623 0.338
0.623 0.34
0.623 0.355
0.623 0.366
0.623 0.369
0.623 0.387
0.623 0.394
0.623 0.407
0.623 0.408
0.623 0.427
0.623 0.438
0.623 0.472
0.623 0.476
0.623 0.477
0.623 0.478
0.623 0.5
0.623 0.501
0.623 0.524
0.623 0.563
0.623 0.572
0.624 0.651
0.624 0.67
0.624 0.672
0.624 0.678
0.624 0.692
0.624 0.697
0.624 0.715
0.624 0.724
0.624 0.73
0.624 0.737
0.624 0.741
0.624 0.742
0.624 0.801
0.63 0.139
0.63 0.141
0.63 0.15
0.63 0.199
0.63 0.202
0.63 0.206
0.63 0.222
0.63 0.223
0.63 0.238
0.631 0.5
0.631 0.501
0.631 0.524
0.631 0.563
0.631 0.572
0.631 0.606
0.631 0.629
0.631 0.63
0.631 0.651
0.631 0.67
0.631 0.672
0.631 0.678
0.631 0.692
0.631 0.697
0.631 0.715
0.631 0.724
0.631 0.73
0.631 0.737
0.631 0.741
0.631 0.742
0.631 0.745
0.631 0.751
0.631 0.78
0.631 0.781
0.631 0.783
0.631 0.796
0.631 0.801
0.631 0.806
0.631 0.81
0.631 0.812
0.631 0.821
0.631 0.826
0.638 0.472
0.638 0.476
0.638 0.477
0.638 0.478
0.638 0.492
0.638 0.5
0.638 0.501
0.638 0.524
0.638 0.563
0.638 0.572
0.638 0.606
0.638 0.629
0.638 0.63
0.638 0.651
0.638 0.67
0.638 0.672
0.638 0.678
0.638 0.692
0.638 0.697
0.638 0.715
0.638 0.724
0.638 0.73
0.638 0.737
0.638 0.741
0.638 0.742
0.638 0.745
0.638 0.751
0.638 0.78
0.638 0.781
0.638 0.783
0.638 0.796
0.638 0.801
0.638 0.806
0.638 0.81
0.638 0.812
0.638 0.821
0.638 0.826
0.638 0.829
0.638 0.833
0.638 0.835
0.638 0.845
0.641 0.222
0.641 0.223
0.641 0.238
0.641 0.271
0.641 0.293
0.641 0.338
0.641 0.34
0.641 0.355
0.641 0.366
0.641 0.369
0.641 0.387
0.641 0.394
0.644 0.446
0.644 0.472
0.644 0.476
0.644 0.477
0.644 0.478
0.644 0.492
0.644 0.5
0.644 0.501
0.644 0.524
0.644 0.563
0.644 0.572
0.645 0.206
0.645 0.212
0.645 0.222
0.645 0.223
0.645 0.238
0.645 0.271
0.645 0.293
0.645 0.338
0.645 0.34
0.645 0.355
0.645 0.366
0.652 0.387
0.652 0.394
0.652 0.396
0.652 0.407
0.652 0.408
0.652 0.427
0.652 0.446
0.652 0.472
0.652 0.476
0.652 0.477
0.652 0.478
0.652 0.492
0.652 0.5
0.652 0.501
0.652 0.524
0.652 0.563
0.652 0.572
0.652 0.629
0.652 0.63
0.652 0.651
0.652 0.67
0.652 0.672
0.652 0.678
0.652 0.692
0.652 0.697
0.653 0.5
0.653 0.501
0.653 0.524
0.653 0.563
0.653 0.572
0.653 0.629
0.653 0.63
0.653 0.651
0.653 0.67
0.653 0.672
0.653 0.678
0.653 0.692
0.653 0.697
0.653 0.724
0.653 0.73
0.653 0.737
0.653 0.741
0.653 0.742
0.653 0.745
0.653 0.751
0.653 0.78
0.653 0.781
0.653 0.783
0.653 0.796
0.653 0.801
0.653 0.806
0.653 0.81
0.653 0.812
0.653 0.821
0.653 0.826
0.659 0.672
0.659 0.678
0.659 0.692
0.659 0.697
0.659 0.724
0.659 0.73
0.659 0.737
0.659 0.741
0.659 0.742
0.659 0.745
0.659 0.751
0.66 0.199
0.66 0.206
0.66 0.212
0.66 0.222
0.66 0.223
0.66 0.238
0.66 0.271
0.66 0.293
0.66 0.338
0.66 0.34
0.66 0.355
0.66 0.387
0.66 0.394
0.66 0.396
0.66 0.407
0.66 0.408
0.66 0.427
0.66 0.446
0.66 0.472
0.66 0.476
0.66 0.477
0.66 0.478
0.66 0.5
0.66 0.501
0.66 0.524
0.66 0.563
0.66 0.572
0.66 0.629
0.66 0.63
0.662 0.524
0.662 0.563
0.662 0.572
0.662 0.629
0.662 0.63
0.662 0.647
0.662 0.651
0.662 0.672
0.662 0.678
0.662 0.692
0.662 0.697
0.662 0.724
0.662 0.73
0.662 0.737
0.662 0.741
0.662 0.742
0.662 0.745
0.662 0.751
0.662 0.78
0.662 0.781
0.662 0.783
0.662 0.796
0.662 0.801
0.662 0.806
0.662 0.81
0.662 0.812
0.662 0.821
0.662 0.826
0.662 0.833
0.662 0.835
0.662 0.845
0.662 0.852
0.662 0.86
0.662 0.864
0.662 0.867
0.662 0.87
0.662 0.882
0.662 0.885
0.662 0.886
0.662 0.887
0.662 0.892
0.662 0.895
0.662 0.896
0.662 0.898
0.671 0.852
0.671 0.86
0.671 0.864
0.671 0.867
0.671 0.87
0.671 0.882
0.671 0.885
0.671 0.886
0.671 0.887
0.671 0.892
0.671 0.895
0.671 0.896
0.671 0.898
0.683 0.524
0.683 0.563
0.683 0.572
0.683 0.629
0.683 0.63
0.683 0.647
0.683 0.651
0.683 0.672
0.683 0.678
0.683 0.692
0.683 0.697
0.683 0.724
0.683 0.73
0.683 0.737
0.683 0.741
0.683 0.742
0.683 0.745
0.683 0.751
0.683 0.78
0.683 0.781
0.683 0.783
0.683 0.796
0.683 0.801
0.683 0.806
0.683 0.81
0.683 0.812
0.683 0.821
0.683 0.826
0.683 0.833
0.683 0.835
0.683 0.852
0.693 0.629
0.693 0.63
0.693 0.647
0.693 0.651
0.693 0.672
0.697 0.476
0.697 0.477
0.697 0.478
0.697 0.5
0.697 0.501
0.697 0.514
0.697 0.524
0.697 0.563
0.697 0.629
0.697 0.63
0.697 0.647
0.697 0.651
0.697 0.672
0.697 0.692
0.697 0.697
0.697 0.724
0.697 0.73
0.697 0.737
0.697 0.741
0.697 0.742
0.697 0.745
0.697 0.751
0.697 0.78
0.697 0.781
0.697 0.783
0.697 0.796
0.697 0.801
0.697 0.806
0.697 0.81
0.697 0.812
0.697 0.821
0.697 0.826
0.697 0.833
0.697 0.835
0.704 0.724
0.704 0.73
0.704 0.737
0.704 0.741
0.704 0.742
0.704 0.745
0.704 0.751
0.704 0.78
0.704 0.781
0.704 0.783
0.704 0.796
0.704 0.801
0.727 0.192
0.732 0.427
0.732 0.446
0.732 0.476
0.732 0.477
0.732 0.478
0.732 0.5
0.732 0.501
0.732 0.514
0.732 0.524
0.732 0.563
0.732 0.629
0.732 0.63
0.732 0.647
0.732 0.651
0.732 0.672
0.732 0.692
0.732 0.697
0.732 0.717
0.732 0.724
0.732 0.73
0.732 0.737
0.732 0.741
0.732 0.742
0.732 0.745
0.732 0.751
0.732 0.753
0.732 0.77
0.732 0.78
0.732 0.781
0.732 0.783
0.732 0.796
0.732 0.801
0.732 0.804
0.732 0.806
0.732 0.81
0.732 0.812
0.732 0.821
0.732 0.826
0.733 0.73
0.733 0.737
0.733 0.741
0.733 0.742
0.733 0.745
0.733 0.751
0.733 0.753
0.733 0.77
0.733 0.78
0.733 0.781
0.733 0.783
0.733 0.796
0.733 0.801
0.733 0.804
0.733 0.806
0.733 0.81
0.733 0.812
0.733 0.821
0.733 0.826
0.733 0.833
0.733 0.835
0.733 0.852
0.733 0.855
0.733 0.86
0.733 0.864
0.733 0.867
0.733 0.87
0.733 0.882
0.733 0.885
0.736 0.647
0.736 0.651
0.736 0.672
0.736 0.692
0.736 0.697
0.736 0.717
0.736 0.73
0.736 0.737
0.736 0.741
0.736 0.742
0.748 0.427
0.748 0.446
0.748 0.452
0.748 0.462
0.748 0.476
0.748 0.477
0.748 0.478
0.748 0.5
0.748 0.501
0.748 0.514
0.748 0.524
0.749 0.812
0.749 0.821
0.749 0.826
0.749 0.833
0.749 0.835
0.749 0.852
0.749 0.855
0.757 0.629
0.757 0.647
0.757 0.651
0.757 0.672
0.757 0.692
0.757 0.697
0.757 0.717
0.757 0.73
0.757 0.737
0.757 0.741
0.757 0.742
0.757 0.751
0.757 0.78
0.757 0.781
0.757 0.783
0.757 0.796
0.757 0.801
0.757 0.804
0.757 0.806
0.757 0.812
0.757 0.821
0.757 0.826
0.757 0.833
0.757 0.835
0.757 0.852
0.757 0.855
0.757 0.864
0.757 0.867
0.757 0.87
0.757 0.882
0.757 0.885
0.757 0.887
0.757 0.892
0.757 0.895
0.757 0.896
0.758 0.826
0.758 0.833
0.758 0.835
0.758 0.852
0.758 0.855
0.758 0.864
0.759 0.5
0.759 0.501
0.759 0.514
0.759 0.524
0.759 0.563
0.761 0.192
0.761 0.206
0.761 0.212
0.761 0.222
0.761 0.223
0.761 0.238
0.762 0.293
0.762 0.338
0.762 0.34
0.762 0.355
0.762 0.387
0.762 0.394
0.762 0.396
0.762 0.427
0.762 0.446
0.762 0.452
0.762 0.462
0.762 0.476
0.762 0.477
0.762 0.478
0.762 0.493
0.762 0.5
0.774 0.212
0.774 0.222
0.774 0.223
0.774 0.238
0.774 0.262
0.774 0.293
0.774 0.338
0.774 0.34
0.774 0.355
0.774 0.387
0.774 0.394
0.774 0.396
0.774 0.427
0.774 0.446
0.774 0.452
0.774 0.462
0.774 0.476
0.774 0.477
0.774 0.478
0.774 0.493
0.774 0.5
0.774 0.514
0.774 0.524
0.774 0.563
0.774 0.609
0.774 0.621
0.775 0.737
0.775 0.741
0.775 0.742
0.775 0.751
0.775 0.78
0.775 0.781
0.775 0.783
0.775 0.796
0.775 0.801
0.775 0.804
0.775 0.806
0.778 0.394
0.778 0.396
0.778 0.427
0.778 0.446
0.778 0.452
0.778 0.462
0.778 0.476
0.778 0.477
0.778 0.478
0.778 0.493
0.778 0.5
0.778 0.514
0.778 0.524
0.778 0.563
0.778 0.609
0.778 0.621
0.778 0.647
0.778 0.651
0.778 0.672
0.778 0.692
0.778 0.697
0.778 0.717
0.778 0.737
0.778 0.741
0.778 0.742
0.778 0.751
0.778 0.78
0.778 0.781
0.778 0.783
0.778 0.796
0.778 0.801
0.778 0.804
0.778 0.806
0.778 0.826
0.778 0.833
0.778 0.835
0.778 0.852
0.778 0.855
0.778 0.864
0.778 0.87
0.778 0.882
0.778 0.885
0.778 0.887
0.778 0.892
0.778 0.895
0.778 0.896
0.778 0.897
0.778 0.898
0.779 0.563
0.779 0.609
0.779 0.621
0.779 0.647
0.779 0.651
0.779 0.672
0.779 0.692
0.779 0.697
0.779 0.717
0.779 0.737
0.779 0.741
0.779 0.742
0.779 0.751
0.779 0.78
0.779 0.781
0.779 0.783
0.779 0.796
0.779 0.801
0.779 0.804
0.779 0.806
0.779 0.826
0.779 0.833
0.779 0.835
0.779 0.852
0.779 0.855
0.779 0.864
0.779 0.87
0.779 0.882
0.779 0.885
0.779 0.887
0.779 0.892
0.779 0.895
0.779 0.896
0.779 0.897
0.783 0.192
0.783 0.212
0.783 0.222
0.783 0.223
0.783 0.238
0.784 0.223
0.784 0.238
0.784 0.293
0.784 0.338
0.784 0.34
0.784 0.355
0.784 0.394
0.784 0.396
0.784 0.427
0.784 0.446
0.784 0.452
0.784 0.462
0.784 0.476
0.784 0.477
0.784 0.478
0.784 0.493
0.784 0.5
0.784 0.514
0.784 0.563
0.784 0.609
0.784 0.621
0.784 0.647
0.784 0.672
0.784 0.692
0.784 0.697
0.784 0.717
0.784 0.737
0.784 0.741
0.784 0.742
0.784 0.78
0.784 0.781
0.784 0.783
0.784 0.796
0.784 0.801
0.784 0.804
0.784 0.806
0.784 0.826
0.784 0.833
0.784 0.835
0.784 0.852
0.784 0.855
0.784 0.864
0.784 0.87
0.784 0.882
0.784 0.885
0.784 0.887
0.785 0.478
0.785 0.493
0.785 0.5
0.785 0.514
0.785 0.563
0.785 0.609
0.785 0.621
0.785 0.647
0.785 0.672
0.785 0.692
0.785 0.697
0.785 0.717
0.785 0.737
0.785 0.741
0.785 0.742
0.785 0.78
0.785 0.781
0.786 0.737
0.786 0.741
0.786 0.742
0.786 0.78
0.786 0.781
0.786 0.796
0.786 0.801
0.786 0.804
0.786 0.806
0.786 0.826
0.786 0.833
0.786 0.835
0.786 0.852
0.786 0.855
0.786 0.864
0.786 0.87
0.786 0.882
0.786 0.885
0.786 0.887
0.787 0.737
0.787 0.741
0.787 0.742
0.787 0.78
0.787 0.781
0.787 0.796
0.787 0.801
0.787 0.804
0.787 0.806
0.787 0.826
0.787 0.833
0.787 0.835
0.787 0.852
0.787 0.855
0.787 0.864
0.787 0.87
0.787 0.882
0.787 0.885
0.787 0.887
0.789 0.737
0.789 0.741
0.789 0.742
0.789 0.78
0.789 0.781
0.789 0.796
0.789 0.801
0.792 0.223
0.792 0.238
0.792 0.293
0.792 0.338
0.792 0.34
0.792 0.355
0.792 0.394
0.795 0.563
0.795 0.609
0.795 0.621
0.795 0.647
0.795 0.672
0.795 0.692
0.795 0.697
0.795 0.737
0.795 0.741
0.795 0.742
0.795 0.78
0.795 0.781
0.795 0.796
0.795 0.801
0.795 0.806
0.795 0.826
0.795 0.833
0.795 0.835
0.795 0.852
0.805 0.742
0.805 0.78
0.805 0.781
0.805 0.796
0.805 0.801
0.805 0.806
0.805 0.826
0.805 0.833
0.805 0.835
0.807 0.338
0.807 0.34
0.807 0.355
0.807 0.394
0.807 0.427
0.807 0.446
0.807 0.452
0.807 0.462
0.807 0.476
0.807 0.478
0.807 0.493
0.807 0.5
0.807 0.563
0.807 0.609
0.807 0.621
0.807 0.647
0.807 0.672
0.807 0.692
0.807 0.697
0.807 0.736
0.807 0.742
0.807 0.78
0.807 0.781
0.807 0.796
0.807 0.801
0.807 0.806
0.807 0.826
0.807 0.833
0.807 0.835
0.807 0.84
0.807 0.852
0.807 0.864
0.807 0.87
0.81 0.139
0.81 0.141
0.81 0.192
0.81 0.223
0.81 0.238
0.81 0.293
0.81 0.323
0.81 0.338
0.81 0.34
0.81 0.355
0.81 0.394
0.81 0.427
0.81 0.446
0.81 0.452
0.81 0.462
0.81 0.476
0.81 0.478
0.81 0.493
0.81 0.5
0.81 0.563
0.81 0.609
0.81 0.621
0.81 0.647
0.81 0.672
0.81 0.692
0.81 0.697
0.81 0.736
0.81 0.742
0.81 0.78
0.81 0.781
0.81 0.796
0.81 0.801
0.81 0.806
0.81 0.826
0.81 0.833
0.817 0.852
0.817 0.864
0.817 0.87
0.817 0.876
0.817 0.882
0.817 0.885
0.817 0.887
0.817 0.895
0.818 0.452
0.818 0.462
0.818 0.476
0.818 0.478
0.818 0.493
0.818 0.5
0.818 0.563
0.818 0.609
0.818 0.621
0.818 0.647
0.818 0.672
0.818 0.692
0.818 0.697
0.818 0.736
0.818 0.742
0.818 0.78
0.818 0.781
0.818 0.796
0.818 0.801
0.818 0.806
0.818 0.826
0.818 0.833
0.818 0.84
0.818 0.848
0.824 0.647
0.824 0.672
0.824 0.692
0.824 0.697
0.824 0.736
0.824 0.742
0.824 0.78
0.824 0.781
0.824 0.796
0.824 0.801
0.824 0.806
0.824 0.826
0.824 0.833
0.824 0.84
0.824 0.848
0.824 0.864
0.824 0.87
0.824 0.876
0.824 0.882
0.824 0.885
0.824 0.887
0.824 0.895
0.824 0.896
0.825 0.293
0.825 0.323
0.825 0.338
0.825 0.34
0.825 0.355
0.825 0.394
0.825 0.427
0.825 0.452
0.825 0.462
0.825 0.476
0.833 0.801
0.836 0.141
0.836 0.192
0.836 0.223
0.836 0.293
0.836 0.323
0.836 0.394
0.836 0.427
0.836 0.452
0.836 0.462
0.836 0.476
0.836 0.493
0.836 0.5
0.836 0.563
0.836 0.609
0.836 0.647
0.836 0.672
0.836 0.692
0.836 0.697
0.836 0.736
0.836 0.742
0.836 0.78
0.836 0.781
0.836 0.801
0.839 0.887
0.84 0.452
0.84 0.462
0.84 0.476
0.84 0.493
0.845 0.192
0.845 0.223
0.845 0.293
0.845 0.323
0.845 0.34
0.845 0.394
0.845 0.452
0.845 0.462
0.845 0.476
0.845 0.493
0.845 0.563
0.845 0.609
0.845 0.647
0.845 0.672
0.845 0.692
0.845 0.697
0.845 0.736
0.845 0.742
0.845 0.78
0.845 0.781
0.845 0.801
0.845 0.833
0.847 0.609
0.847 0.647
0.847 0.672
0.85 0.742
0.85 0.78
0.85 0.781
0.85 0.801
0.85 0.833
0.85 0.834
0.851 0.223
0.851 0.293
0.851 0.323
0.851 0.34
0.851 0.394
0.851 0.476
0.851 0.493
0.851 0.563
0.851 0.581
0.851 0.609
0.852 0.34
0.852 0.394
0.852 0.476
0.852 0.493
0.852 0.563
0.852 0.581
0.852 0.609
0.852 0.672
0.852 0.678
0.852 0.692
0.852 0.697
0.852 0.742
0.852 0.78
0.852 0.781
0.852 0.801
0.852 0.833
0.852 0.834
0.852 0.848
0.852 0.864
0.852 0.87
0.855 0.887
0.862 0.178
0.862 0.223
0.862 0.293
0.862 0.34
0.862 0.394
0.862 0.476
0.862 0.493
0.862 0.563
0.862 0.581
0.862 0.609
0.862 0.672
0.862 0.678
0.862 0.692
0.862 0.697
0.862 0.742
0.862 0.78
0.862 0.781
0.863 0.563
0.863 0.581
0.864 0.34
0.864 0.394
0.864 0.476
0.864 0.563
0.864 0.581
0.868 0.563
0.868 0.581
0.868 0.615
0.868 0.672
0.868 0.678
0.868 0.692
0.868 0.697
0.868 0.742
0.868 0.78
0.868 0.781
0.868 0.833
0.868 0.834
0.868 0.848
0.868 0.864
0.868 0.87
0.868 0.882
0.874 0.293
0.874 0.338
0.874 0.882
0.874 0.887
0.874 0.895
0.876 0.394
0.876 0.563
0.876 0.581
0.876 0.678
0.876 0.692
0.876 0.697
0.88 0.78
0.88 0.781
0.88 0.833
0.88 0.834
0.88 0.882
0.88 0.887
0.881 0.78
0.881 0.781
0.881 0.833
0.881 0.834
0.881 0.882
0.881 0.887
0.882 0.834
0.882 0.882
0.882 0.887
0.882 0.895
0.884 0.563
0.884 0.581
0.884 0.678
0.884 0.692
0.884 0.697
0.885 0.563
0.885 0.581
0.885 0.678
0.885 0.692
0.885 0.697
0.886 0.563
0.886 0.581
0.886 0.678
0.886 0.78
0.886 0.781
0.886 0.834
0.886 0.882
0.886 0.887
0.887 0.563
0.887 0.581
0.887 0.678
0.891 0.563
0.891 0.781
0.891 0.834
0.891 0.844
0.891 0.859
0.898 0.222

28.0
